,Unnamed: 0,time,event
0,0,0.0,37
1,1,5.787037037037037e-14,1
2,2,6.944444444444445e-14,82
3,3,9.259259259259259e-14,35
4,4,1.388888888888889e-13,4
5,5,2.1990740740740742e-13,33
6,6,2.1990740740740742e-13,1
7,7,2.1990740740740742e-13,11
8,8,2.3148148148148146e-13,1
9,9,2.5462962962962965e-13,3
10,10,3.125e-13,25
11,11,3.125e-13,1
12,12,3.125e-13,11
13,13,3.3564814814814817e-13,25
14,14,3.587962962962963e-13,25
15,15,3.935185185185185e-13,37
16,16,4.1666666666666664e-13,25
17,17,4.2824074074074074e-13,106
18,18,4.2824074074074074e-13,82
19,19,4.2824074074074074e-13,11
20,20,4.3981481481481483e-13,34
21,21,4.3981481481481483e-13,18
22,22,4.629629629629629e-13,34
23,23,4.745370370370371e-13,11
24,24,4.861111111111111e-13,4
25,25,4.861111111111111e-13,83
26,26,5.092592592592593e-13,1
27,27,6.018518518518519e-13,106
28,28,6.018518518518519e-13,1
29,29,6.25e-13,1
30,30,6.25e-13,11
31,31,6.712962962962963e-13,18
32,32,6.712962962962963e-13,1
33,33,6.712962962962963e-13,11
34,34,6.828703703703704e-13,1
35,35,6.944444444444444e-13,28
36,36,6.944444444444444e-13,11
37,37,7.060185185185185e-13,25
38,38,7.523148148148149e-13,82
39,39,7.638888888888889e-13,1
40,40,7.87037037037037e-13,1
41,41,8.101851851851852e-13,25
42,42,8.101851851851852e-13,3
43,43,8.217592592592592e-13,82
44,44,8.680555555555555e-13,31
45,45,8.680555555555555e-13,11
46,46,8.796296296296297e-13,1
47,47,9.14351851851852e-13,25
48,48,9.14351851851852e-13,11
49,49,9.375e-13,1
50,50,9.490740740740741e-13,106
51,51,9.490740740740741e-13,25
52,52,9.490740740740741e-13,1
53,53,9.953703703703703e-13,35
54,54,9.953703703703703e-13,1
55,55,1.0185185185185186e-12,11
56,56,1.0879629629629629e-12,25
57,57,1.1111111111111112e-12,82
58,58,1.1574074074074074e-12,1
59,59,1.1805555555555557e-12,1
60,60,1.1921296296296296e-12,34
61,61,1.2037037037037037e-12,11
62,62,1.2152777777777777e-12,11
63,63,1.2268518518518518e-12,3
64,64,1.238425925925926e-12,25
65,65,1.261574074074074e-12,11
66,66,1.2731481481481482e-12,25
67,67,1.3425925925925927e-12,25
68,68,1.3773148148148147e-12,34
69,69,1.3888888888888889e-12,83
70,70,1.400462962962963e-12,1
71,71,1.4583333333333333e-12,82
72,72,1.4583333333333333e-12,1
73,73,1.5162037037037037e-12,31
74,74,1.5625e-12,1
75,75,1.5972222222222223e-12,11
76,76,1.6203703703703704e-12,1
77,77,1.6319444444444445e-12,11
78,78,1.6435185185185185e-12,3
79,79,1.6898148148148149e-12,1
80,80,1.724537037037037e-12,1
81,81,1.7592592592592593e-12,82
82,82,1.7708333333333333e-12,1
83,83,1.8171296296296297e-12,82
84,84,1.8518518518518517e-12,1
85,85,1.875e-12,1
86,86,1.875e-12,11
87,87,1.921296296296296e-12,34
88,88,1.9444444444444445e-12,11
89,89,2.002314814814815e-12,24
90,90,2.002314814814815e-12,52
91,91,2.013888888888889e-12,37
92,92,2.013888888888889e-12,11
93,93,2.048611111111111e-12,33
94,94,2.048611111111111e-12,3
95,95,2.071759259259259e-12,37
96,96,2.071759259259259e-12,106
97,97,2.0949074074074074e-12,1
98,98,2.0949074074074074e-12,11
99,99,2.1412037037037035e-12,11
100,100,2.164351851851852e-12,82
101,101,2.199074074074074e-12,11
102,102,2.210648148148148e-12,1
103,103,2.2453703703703702e-12,1
104,104,2.2800925925925925e-12,1
105,105,2.291666666666667e-12,4
106,106,2.3032407407407408e-12,137
107,107,2.3032407407407408e-12,40
108,108,2.3032407407407408e-12,9
109,109,2.3148148148148147e-12,37
110,110,2.3148148148148147e-12,68
111,111,2.3148148148148147e-12,137
112,112,2.3148148148148147e-12,89
113,113,2.3148148148148147e-12,18
114,114,2.3148148148148147e-12,100
115,115,2.326388888888889e-12,2
116,116,2.326388888888889e-12,1
117,117,2.337962962962963e-12,83
118,118,2.337962962962963e-12,1
119,119,2.337962962962963e-12,11
120,120,2.349537037037037e-12,1
121,121,2.4189814814814814e-12,82
122,122,2.4305555555555554e-12,11
123,123,2.4421296296296297e-12,1
124,124,2.476851851851852e-12,1
125,125,2.511574074074074e-12,1
126,126,2.511574074074074e-12,11
127,127,2.523148148148148e-12,1
128,128,2.534722222222222e-12,82
129,129,2.534722222222222e-12,1
130,130,2.5462962962962964e-12,34
131,131,2.5462962962962964e-12,21
132,132,2.5578703703703704e-12,106
133,133,2.5925925925925926e-12,11
134,134,2.627314814814815e-12,3
135,135,2.650462962962963e-12,1
136,136,2.673611111111111e-12,47
137,137,2.6851851851851854e-12,47
138,138,2.6851851851851854e-12,18
139,139,2.6851851851851854e-12,1
140,140,2.766203703703704e-12,47
141,141,2.7777777777777777e-12,1
142,142,2.7777777777777777e-12,11
143,143,2.8125e-12,1
144,144,2.824074074074074e-12,11
145,145,2.8356481481481483e-12,11
146,146,2.858796296296296e-12,1
147,147,2.8819444444444445e-12,82
148,148,2.8935185185185184e-12,1
149,149,2.9166666666666667e-12,2
150,150,2.9166666666666667e-12,1
151,151,2.9282407407407406e-12,35
152,152,2.9282407407407406e-12,1
153,153,2.9282407407407406e-12,11
154,154,2.939814814814815e-12,25
155,155,2.939814814814815e-12,22
156,156,2.951388888888889e-12,49
157,157,2.951388888888889e-12,12
158,158,2.962962962962963e-12,1
159,159,2.9745370370370372e-12,11
160,160,3.0208333333333334e-12,11
161,161,3.0555555555555556e-12,18
162,162,3.0787037037037035e-12,82
163,163,3.090277777777778e-12,82
164,164,3.090277777777778e-12,11
165,165,3.125e-12,4
166,166,3.125e-12,72
167,167,3.136574074074074e-12,1
168,168,3.136574074074074e-12,11
169,169,3.1597222222222224e-12,3
170,170,3.1712962962962963e-12,25
171,171,3.1712962962962963e-12,10
172,172,3.1828703703703702e-12,18
173,173,3.1828703703703702e-12,12
174,174,3.1828703703703702e-12,11
175,175,3.1944444444444446e-12,12
176,176,3.2175925925925925e-12,4
177,177,3.2175925925925925e-12,22
178,178,3.2175925925925925e-12,11
179,179,3.229166666666667e-12,82
180,180,3.229166666666667e-12,1
181,181,3.229166666666667e-12,12
182,182,3.263888888888889e-12,1
183,183,3.263888888888889e-12,11
184,184,3.2986111111111113e-12,1
185,185,3.321759259259259e-12,12
186,186,3.333333333333333e-12,11
187,187,3.3564814814814814e-12,15
188,188,3.3796296296296297e-12,15
189,189,3.3796296296296297e-12,35
190,190,3.3796296296296297e-12,1
191,191,3.3796296296296297e-12,11
192,192,3.3912037037037037e-12,1
193,193,3.3912037037037037e-12,12
194,194,3.4027777777777776e-12,12
195,195,3.414351851851852e-12,37
196,196,3.414351851851852e-12,15
197,197,3.414351851851852e-12,1
198,198,3.425925925925926e-12,25
199,199,3.425925925925926e-12,15
200,200,3.449074074074074e-12,25
201,201,3.449074074074074e-12,1
202,202,3.460648148148148e-12,25
203,203,3.460648148148148e-12,12
204,204,3.472222222222222e-12,1
205,205,3.472222222222222e-12,12
206,206,3.4837962962962964e-12,1
207,207,3.4953703703703704e-12,25
208,208,3.4953703703703704e-12,1
209,209,3.5185185185185187e-12,4
210,210,3.5185185185185187e-12,1
211,211,3.5300925925925926e-12,25
212,212,3.5300925925925926e-12,15
213,213,3.5300925925925926e-12,1
214,214,3.5416666666666666e-12,12
215,215,3.553240740740741e-12,25
216,216,3.564814814814815e-12,12
217,217,3.587962962962963e-12,82
218,218,3.6226851851851854e-12,1
219,219,3.6342592592592593e-12,12
220,220,3.657407407407408e-12,15
221,221,3.657407407407408e-12,12
222,222,3.6805555555555555e-12,4
223,223,3.6805555555555555e-12,1
224,224,3.703703703703703e-12,4
225,225,3.703703703703703e-12,25
226,226,3.703703703703703e-12,67
227,227,3.703703703703703e-12,11
228,228,3.715277777777778e-12,12
229,229,3.726851851851852e-12,12
230,230,3.761574074074074e-12,25
231,231,3.761574074074074e-12,3
232,232,3.761574074074074e-12,1
233,233,3.773148148148148e-12,25
234,234,3.773148148148148e-12,1
235,235,3.784722222222223e-12,25
236,236,3.784722222222223e-12,18
237,237,3.784722222222223e-12,12
238,238,3.7962962962962966e-12,82
239,239,3.7962962962962966e-12,12
240,240,3.8194444444444444e-12,25
241,241,3.8194444444444444e-12,1
242,242,3.831018518518518e-12,25
243,243,3.842592592592592e-12,25
244,244,3.854166666666666e-12,25
245,245,3.865740740740741e-12,106
246,246,3.865740740740741e-12,25
247,247,3.865740740740741e-12,11
248,248,3.877314814814815e-12,12
249,249,3.888888888888889e-12,25
250,250,3.888888888888889e-12,12
251,251,3.900462962962963e-12,25
252,252,3.900462962962963e-12,11
253,253,3.900462962962963e-12,10
254,254,3.923611111111111e-12,37
255,255,3.9351851851851855e-12,4
256,256,3.9351851851851855e-12,25
257,257,3.9351851851851855e-12,82
258,258,3.9467592592592595e-12,12
259,259,3.9467592592592595e-12,11
260,260,3.9467592592592595e-12,10
261,261,3.958333333333333e-12,25
262,262,3.958333333333333e-12,12
263,263,3.969907407407407e-12,4
264,264,3.969907407407407e-12,1
265,265,3.981481481481481e-12,4
266,266,3.981481481481481e-12,25
267,267,3.993055555555555e-12,25
268,268,3.993055555555555e-12,1
269,269,3.993055555555555e-12,54
270,270,4.016203703703704e-12,25
271,271,4.016203703703704e-12,11
272,272,4.039351851851852e-12,12
273,273,4.039351851851852e-12,142
274,274,4.039351851851852e-12,92
275,275,4.050925925925926e-12,83
276,276,4.0625e-12,25
277,277,4.0740740740740745e-12,25
278,278,4.085648148148148e-12,12
279,279,4.097222222222222e-12,28
280,280,4.097222222222222e-12,25
281,281,4.097222222222222e-12,1
282,282,4.108796296296296e-12,25
283,283,4.108796296296296e-12,12
284,284,4.12037037037037e-12,12
285,285,4.143518518518518e-12,37
286,286,4.143518518518518e-12,25
287,287,4.143518518518518e-12,3
288,288,4.143518518518518e-12,1
289,289,4.143518518518518e-12,11
290,290,4.155092592592593e-12,12
291,291,4.166666666666667e-12,1
292,292,4.178240740740741e-12,25
293,293,4.189814814814815e-12,31
294,294,4.189814814814815e-12,25
295,295,4.189814814814815e-12,18
296,296,4.201388888888889e-12,46
297,297,4.201388888888889e-12,25
298,298,4.201388888888889e-12,1
299,299,4.201388888888889e-12,12
300,300,4.2129629629629626e-12,4
301,301,4.2129629629629626e-12,1
302,302,4.2129629629629626e-12,12
303,303,4.224537037037037e-12,12
304,304,4.236111111111111e-12,1
305,305,4.236111111111111e-12,12
306,306,4.259259259259259e-12,36
307,307,4.259259259259259e-12,46
308,308,4.259259259259259e-12,25
309,309,4.270833333333333e-12,4
310,310,4.270833333333333e-12,46
311,311,4.270833333333333e-12,25
312,312,4.270833333333333e-12,15
313,313,4.270833333333333e-12,39
314,314,4.270833333333333e-12,12
315,315,4.270833333333333e-12,11
316,316,4.282407407407407e-12,12
317,317,4.293981481481482e-12,82
318,318,4.293981481481482e-12,12
319,319,4.328703703703704e-12,25
320,320,4.328703703703704e-12,1
321,321,4.340277777777778e-12,25
322,322,4.3518518518518515e-12,25
323,323,4.3518518518518515e-12,1
324,324,4.386574074074074e-12,12
325,325,4.409722222222222e-12,15
326,326,4.421296296296296e-12,1
327,327,4.432870370370371e-12,25
328,328,4.444444444444445e-12,12
329,329,4.456018518518519e-12,1
330,330,4.456018518518519e-12,12
331,331,4.5023148148148144e-12,15
332,332,4.5023148148148144e-12,11
333,333,4.513888888888889e-12,25
334,334,4.513888888888889e-12,65
335,335,4.513888888888889e-12,11
336,336,4.525462962962963e-12,1
337,337,4.537037037037037e-12,11
338,338,4.548611111111111e-12,4
339,339,4.548611111111111e-12,1
340,340,4.560185185185185e-12,37
341,341,4.571759259259259e-12,25
342,342,4.583333333333334e-12,26
343,343,4.594907407407408e-12,72
344,344,4.6064814814814816e-12,11
345,345,4.6180555555555555e-12,37
346,346,4.6180555555555555e-12,25
347,347,4.6180555555555555e-12,12
348,348,4.6296296296296294e-12,25
349,349,4.6296296296296294e-12,12
350,350,4.652777777777778e-12,82
351,351,4.664351851851852e-12,1
352,352,4.675925925925926e-12,25
353,353,4.675925925925926e-12,11
354,354,4.722222222222223e-12,25
355,355,4.7337962962962966e-12,25
356,356,4.7453703703703705e-12,25
357,357,4.7569444444444444e-12,25
358,358,4.7569444444444444e-12,1
359,359,4.7569444444444444e-12,11
360,360,4.768518518518518e-12,3
361,361,4.780092592592592e-12,25
362,362,4.791666666666666e-12,4
363,363,4.791666666666666e-12,25
364,364,4.791666666666666e-12,12
365,365,4.791666666666666e-12,11
366,366,4.803240740740741e-12,15
367,367,4.814814814814815e-12,25
368,368,4.826388888888889e-12,4
369,369,4.849537037037037e-12,1
370,370,4.861111111111111e-12,1
371,371,4.8726851851851855e-12,4
372,372,4.8726851851851855e-12,25
373,373,4.8726851851851855e-12,11
374,374,4.895833333333333e-12,25
375,375,4.907407407407407e-12,37
376,376,4.907407407407407e-12,25
377,377,4.907407407407407e-12,26
378,378,4.918981481481481e-12,106
379,379,4.918981481481481e-12,25
380,380,4.930555555555555e-12,25
381,381,4.930555555555555e-12,67
382,382,4.930555555555555e-12,18
383,383,4.94212962962963e-12,37
384,384,4.94212962962963e-12,67
385,385,4.953703703703704e-12,31
386,386,4.953703703703704e-12,67
387,387,4.953703703703704e-12,18
388,388,4.953703703703704e-12,1
389,389,4.965277777777778e-12,6
390,390,4.965277777777778e-12,25
391,391,4.965277777777778e-12,18
392,392,4.965277777777778e-12,1
393,393,4.976851851851852e-12,25
394,394,4.976851851851852e-12,82
395,395,4.976851851851852e-12,9
396,396,4.976851851851852e-12,11
397,397,4.988425925925926e-12,12
398,398,4.988425925925926e-12,10
399,399,5e-12,50
400,400,5.0115740740740744e-12,1
401,401,5.0115740740740744e-12,12
402,402,5.023148148148148e-12,1
403,403,5.034722222222222e-12,25
404,404,5.034722222222222e-12,12
405,405,5.046296296296296e-12,25
406,406,5.05787037037037e-12,25
407,407,5.069444444444444e-12,21
408,408,5.069444444444444e-12,25
409,409,5.069444444444444e-12,15
410,410,5.081018518518518e-12,25
411,411,5.081018518518518e-12,1
412,412,5.092592592592593e-12,1
413,413,5.104166666666667e-12,1
414,414,5.127314814814815e-12,4
415,415,5.127314814814815e-12,25
416,416,5.127314814814815e-12,1
417,417,5.127314814814815e-12,11
418,418,5.1504629629629626e-12,25
419,419,5.1504629629629626e-12,3
420,420,5.1504629629629626e-12,1
421,421,5.1504629629629626e-12,11
422,422,5.173611111111111e-12,31
423,423,5.173611111111111e-12,25
424,424,5.173611111111111e-12,12
425,425,5.173611111111111e-12,11
426,426,5.185185185185185e-12,25
427,427,5.185185185185185e-12,12
428,428,5.185185185185185e-12,11
429,429,5.196759259259259e-12,79
430,430,5.196759259259259e-12,1
431,431,5.196759259259259e-12,12
432,432,5.208333333333333e-12,1
433,433,5.208333333333333e-12,12
434,434,5.219907407407407e-12,25
435,435,5.219907407407407e-12,11
436,436,5.231481481481482e-12,25
437,437,5.243055555555556e-12,4
438,438,5.243055555555556e-12,25
439,439,5.243055555555556e-12,18
440,440,5.266203703703704e-12,26
441,441,5.266203703703704e-12,12
442,442,5.266203703703704e-12,11
443,443,5.2777777777777776e-12,37
444,444,5.2777777777777776e-12,82
445,445,5.2777777777777776e-12,3
446,446,5.2893518518518515e-12,1
447,447,5.300925925925926e-12,37
448,448,5.300925925925926e-12,15
449,449,5.3125e-12,11
450,450,5.324074074074074e-12,25
451,451,5.324074074074074e-12,15
452,452,5.335648148148148e-12,34
453,453,5.335648148148148e-12,15
454,454,5.335648148148148e-12,12
455,455,5.347222222222222e-12,12
456,456,5.358796296296296e-12,15
457,457,5.358796296296296e-12,12
458,458,5.370370370370371e-12,25
459,459,5.370370370370371e-12,1
460,460,5.370370370370371e-12,11
461,461,5.393518518518519e-12,11
462,462,5.405092592592593e-12,25
463,463,5.4166666666666665e-12,1
464,464,5.4166666666666665e-12,12
465,465,5.4398148148148144e-12,25
466,466,5.4398148148148144e-12,45
467,467,5.4398148148148144e-12,1
468,468,5.4398148148148144e-12,11
469,469,5.451388888888889e-12,25
470,470,5.462962962962963e-12,15
471,471,5.474537037037037e-12,21
472,472,5.474537037037037e-12,11
473,473,5.486111111111111e-12,28
474,474,5.486111111111111e-12,25
475,475,5.486111111111111e-12,1
476,476,5.497685185185185e-12,1
477,477,5.520833333333334e-12,25
478,478,5.520833333333334e-12,15
479,479,5.532407407407408e-12,1
480,480,5.532407407407408e-12,11
481,481,5.5439814814814815e-12,25
482,482,5.5439814814814815e-12,15
483,483,5.5555555555555555e-12,82
484,484,5.5671296296296294e-12,34
485,485,5.5671296296296294e-12,25
486,486,5.5671296296296294e-12,67
487,487,5.5671296296296294e-12,11
488,488,5.578703703703703e-12,25
489,489,5.578703703703703e-12,1
490,490,5.578703703703703e-12,12
491,491,5.590277777777778e-12,1
492,492,5.601851851851852e-12,1
493,493,5.613425925925926e-12,15
494,494,5.613425925925926e-12,26
495,495,5.613425925925926e-12,1
496,496,5.625e-12,37
497,497,5.625e-12,82
498,498,5.636574074074074e-12,25
499,499,5.636574074074074e-12,83
500,500,5.636574074074074e-12,1
501,501,5.636574074074074e-12,11
502,502,5.648148148148148e-12,1
503,503,5.648148148148148e-12,11
504,504,5.6712962962962965e-12,4
505,505,5.6712962962962965e-12,82
506,506,5.6712962962962965e-12,12
507,507,5.6828703703703705e-12,25
508,508,5.6944444444444444e-12,25
509,509,5.729166666666666e-12,1
510,510,5.763888888888889e-12,1
511,511,5.775462962962963e-12,4
512,512,5.787037037037037e-12,1
513,513,5.798611111111111e-12,4
514,514,5.798611111111111e-12,21
515,515,5.798611111111111e-12,1
516,516,5.8217592592592594e-12,1
517,517,5.844907407407407e-12,25
518,518,5.844907407407407e-12,45
519,519,5.856481481481481e-12,3
520,520,5.868055555555555e-12,15
521,521,5.87962962962963e-12,21
522,522,5.891203703703704e-12,25
523,523,5.902777777777778e-12,1
524,524,5.925925925925926e-12,1
525,525,5.9375e-12,25
526,526,5.9375e-12,1
527,527,5.9490740740740744e-12,4
528,528,5.9490740740740744e-12,25
529,529,5.9490740740740744e-12,15
530,530,5.9490740740740744e-12,1
531,531,5.960648148148148e-12,25
532,532,5.972222222222222e-12,25
533,533,5.972222222222222e-12,26
534,534,5.972222222222222e-12,11
535,535,5.983796296296296e-12,37
536,536,5.983796296296296e-12,82
537,537,5.983796296296296e-12,15
538,538,5.983796296296296e-12,1
539,539,6.006944444444444e-12,25
540,540,6.006944444444444e-12,1
541,541,6.018518518518519e-12,25
542,542,6.030092592592593e-12,25
543,543,6.030092592592593e-12,15
544,544,6.041666666666667e-12,25
545,545,6.041666666666667e-12,1
546,546,6.053240740740741e-12,25
547,547,6.053240740740741e-12,1
548,548,6.053240740740741e-12,11
549,549,6.064814814814815e-12,25
550,550,6.064814814814815e-12,18
551,551,6.064814814814815e-12,1
552,552,6.076388888888889e-12,1
553,553,6.0879629629629626e-12,37
554,554,6.0879629629629626e-12,83
555,555,6.099537037037037e-12,1
556,556,6.111111111111111e-12,25
557,557,6.111111111111111e-12,99
558,558,6.122685185185185e-12,25
559,559,6.122685185185185e-12,1
560,560,6.122685185185185e-12,11
561,561,6.134259259259259e-12,25
562,562,6.134259259259259e-12,15
563,563,6.134259259259259e-12,1
564,564,6.134259259259259e-12,11
565,565,6.145833333333333e-12,25
566,566,6.145833333333333e-12,12
567,567,6.145833333333333e-12,11
568,568,6.157407407407407e-12,1
569,569,6.168981481481482e-12,25
570,570,6.168981481481482e-12,15
571,571,6.168981481481482e-12,11
572,572,6.180555555555556e-12,25
573,573,6.19212962962963e-12,25
574,574,6.19212962962963e-12,67
575,575,6.19212962962963e-12,1
576,576,6.19212962962963e-12,11
577,577,6.203703703703704e-12,1
578,578,6.2152777777777776e-12,25
579,579,6.2152777777777776e-12,15
580,580,6.2152777777777776e-12,1
581,581,6.2152777777777776e-12,12
582,582,6.2152777777777776e-12,11
583,583,6.2268518518518515e-12,25
584,584,6.2268518518518515e-12,18
585,585,6.238425925925926e-12,4
586,586,6.238425925925926e-12,87
587,587,6.238425925925926e-12,1
588,588,6.25e-12,4
589,589,6.25e-12,25
590,590,6.261574074074074e-12,25
591,591,6.273148148148148e-12,25
592,592,6.273148148148148e-12,1
593,593,6.284722222222222e-12,25
594,594,6.284722222222222e-12,1
595,595,6.296296296296296e-12,25
596,596,6.296296296296296e-12,15
597,597,6.296296296296296e-12,67
598,598,6.296296296296296e-12,11
599,599,6.307870370370371e-12,25
600,600,6.307870370370371e-12,1
601,601,6.319444444444445e-12,15
602,602,6.319444444444445e-12,26
603,603,6.319444444444445e-12,12
604,604,6.331018518518519e-12,37
605,605,6.331018518518519e-12,25
606,606,6.331018518518519e-12,82
607,607,6.331018518518519e-12,15
608,608,6.3425925925925926e-12,4
609,609,6.3425925925925926e-12,25
610,610,6.3425925925925926e-12,11
611,611,6.3541666666666665e-12,12
612,612,6.3773148148148144e-12,4
613,613,6.3773148148148144e-12,25
614,614,6.3773148148148144e-12,1
615,615,6.3773148148148144e-12,11
616,616,6.388888888888889e-12,25
617,617,6.388888888888889e-12,11
618,618,6.400462962962963e-12,11
619,619,6.412037037037037e-12,25
620,620,6.412037037037037e-12,1
621,621,6.412037037037037e-12,12
622,622,6.423611111111111e-12,25
623,623,6.423611111111111e-12,12
624,624,6.423611111111111e-12,11
625,625,6.435185185185185e-12,4
626,626,6.435185185185185e-12,25
627,627,6.435185185185185e-12,1
628,628,6.435185185185185e-12,11
629,629,6.446759259259259e-12,25
630,630,6.446759259259259e-12,1
631,631,6.446759259259259e-12,11
632,632,6.458333333333334e-12,25
633,633,6.458333333333334e-12,1
634,634,6.458333333333334e-12,12
635,635,6.458333333333334e-12,11
636,636,6.4699074074074076e-12,56
637,637,6.4699074074074076e-12,12
638,638,6.4814814814814815e-12,15
639,639,6.4814814814814815e-12,12
640,640,6.4930555555555555e-12,25
641,641,6.4930555555555555e-12,3
642,642,6.5046296296296294e-12,25
643,643,6.5046296296296294e-12,1
644,644,6.5046296296296294e-12,12
645,645,6.516203703703703e-12,25
646,646,6.516203703703703e-12,15
647,647,6.527777777777778e-12,25
648,648,6.527777777777778e-12,11
649,649,6.539351851851852e-12,25
650,650,6.539351851851852e-12,15
651,651,6.539351851851852e-12,11
652,652,6.550925925925926e-12,46
653,653,6.550925925925926e-12,25
654,654,6.550925925925926e-12,24
655,655,6.550925925925926e-12,11
656,656,6.5625e-12,25
657,657,6.5625e-12,15
658,658,6.5625e-12,3
659,659,6.5625e-12,11
660,660,6.574074074074074e-12,25
661,661,6.574074074074074e-12,15
662,662,6.574074074074074e-12,12
663,663,6.585648148148148e-12,15
664,664,6.597222222222223e-12,25
665,665,6.597222222222223e-12,1
666,666,6.597222222222223e-12,12
667,667,6.6087962962962965e-12,25
668,668,6.6087962962962965e-12,15
669,669,6.6203703703703705e-12,25
670,670,6.6203703703703705e-12,15
671,671,6.643518518518518e-12,25
672,672,6.655092592592592e-12,25
673,673,6.655092592592592e-12,15
674,674,6.655092592592592e-12,1
675,675,6.678240740740741e-12,25
676,676,6.678240740740741e-12,24
677,677,6.678240740740741e-12,47
678,678,6.678240740740741e-12,26
679,679,6.678240740740741e-12,1
680,680,6.678240740740741e-12,12
681,681,6.678240740740741e-12,11
682,682,6.689814814814815e-12,5
683,683,6.689814814814815e-12,37
684,684,6.689814814814815e-12,25
685,685,6.689814814814815e-12,82
686,686,6.689814814814815e-12,1
687,687,6.689814814814815e-12,9
688,688,6.689814814814815e-12,11
689,689,6.7592592592592594e-12,37
690,690,6.782407407407407e-12,1
691,691,6.793981481481481e-12,6
692,692,6.793981481481481e-12,24
693,693,6.793981481481481e-12,18
694,694,6.793981481481481e-12,1
695,695,6.793981481481481e-12,11
696,696,6.81712962962963e-12,15
697,697,6.81712962962963e-12,11
698,698,6.828703703703704e-12,56
699,699,6.828703703703704e-12,1
700,700,6.840277777777778e-12,25
701,701,6.840277777777778e-12,15
702,702,6.840277777777778e-12,12
703,703,6.840277777777778e-12,11
704,704,6.840277777777778e-12,101
705,705,6.851851851851852e-12,25
706,706,6.851851851851852e-12,15
707,707,6.851851851851852e-12,11
708,708,6.863425925925926e-12,28
709,709,6.863425925925926e-12,25
710,710,6.863425925925926e-12,15
711,711,6.863425925925926e-12,1
712,712,6.863425925925926e-12,12
713,713,6.863425925925926e-12,11
714,714,6.875e-12,3
715,715,6.898148148148148e-12,1
716,716,6.909722222222222e-12,25
717,717,6.909722222222222e-12,15
718,718,6.921296296296296e-12,25
719,719,6.921296296296296e-12,15
720,720,6.921296296296296e-12,1
721,721,6.921296296296296e-12,11
722,722,6.93287037037037e-12,25
723,723,6.93287037037037e-12,15
724,724,6.93287037037037e-12,1
725,725,6.93287037037037e-12,11
726,726,6.944444444444444e-12,25
727,727,6.944444444444444e-12,1
728,728,6.944444444444444e-12,12
729,729,6.944444444444444e-12,11
730,730,7.002314814814815e-12,25
731,731,7.002314814814815e-12,15
732,732,7.002314814814815e-12,2
733,733,7.002314814814815e-12,3
734,734,7.002314814814815e-12,1
735,735,7.013888888888889e-12,25
736,736,7.013888888888889e-12,15
737,737,7.013888888888889e-12,1
738,738,7.013888888888889e-12,11
739,739,7.0254629629629626e-12,25
740,740,7.0254629629629626e-12,18
741,741,7.0254629629629626e-12,51
742,742,7.037037037037037e-12,25
743,743,7.037037037037037e-12,26
744,744,7.048611111111111e-12,4
745,745,7.048611111111111e-12,21
746,746,7.048611111111111e-12,37
747,747,7.048611111111111e-12,25
748,748,7.048611111111111e-12,82
749,749,7.048611111111111e-12,15
750,750,7.048611111111111e-12,1
751,751,7.048611111111111e-12,12
752,752,7.060185185185185e-12,25
753,753,7.060185185185185e-12,1
754,754,7.060185185185185e-12,11
755,755,7.071759259259259e-12,25
756,756,7.071759259259259e-12,12
757,757,7.083333333333333e-12,4
758,758,7.083333333333333e-12,21
759,759,7.083333333333333e-12,25
760,760,7.083333333333333e-12,1
761,761,7.083333333333333e-12,11
762,762,7.094907407407407e-12,20
763,763,7.094907407407407e-12,25
764,764,7.094907407407407e-12,15
765,765,7.094907407407407e-12,23
766,766,7.094907407407407e-12,24
767,767,7.094907407407407e-12,11
768,768,7.106481481481482e-12,20
769,769,7.106481481481482e-12,25
770,770,7.106481481481482e-12,15
771,771,7.106481481481482e-12,11
772,772,7.118055555555556e-12,1
773,773,7.12962962962963e-12,1
774,774,7.12962962962963e-12,12
775,775,7.12962962962963e-12,9
776,776,7.141203703703704e-12,25
777,777,7.141203703703704e-12,12
778,778,7.141203703703704e-12,72
779,779,7.141203703703704e-12,11
780,780,7.1527777777777776e-12,25
781,781,7.1527777777777776e-12,11
782,782,7.1643518518518515e-12,25
783,783,7.1643518518518515e-12,15
784,784,7.1643518518518515e-12,11
785,785,7.175925925925926e-12,25
786,786,7.175925925925926e-12,12
787,787,7.1875e-12,25
788,788,7.1875e-12,56
789,789,7.1875e-12,1
790,790,7.1875e-12,10
791,791,7.199074074074074e-12,25
792,792,7.210648148148148e-12,20
793,793,7.210648148148148e-12,18
794,794,7.210648148148148e-12,1
795,795,7.222222222222222e-12,4
796,796,7.222222222222222e-12,18
797,797,7.233796296296296e-12,42
798,798,7.233796296296296e-12,20
799,799,7.233796296296296e-12,25
800,800,7.233796296296296e-12,26
801,801,7.233796296296296e-12,18
802,802,7.233796296296296e-12,1
803,803,7.233796296296296e-12,11
804,804,7.245370370370371e-12,25
805,805,7.245370370370371e-12,15
806,806,7.245370370370371e-12,11
807,807,7.256944444444445e-12,25
808,808,7.256944444444445e-12,18
809,809,7.256944444444445e-12,1
810,810,7.256944444444445e-12,11
811,811,7.268518518518519e-12,25
812,812,7.268518518518519e-12,1
813,813,7.268518518518519e-12,11
814,814,7.280092592592593e-12,34
815,815,7.280092592592593e-12,1
816,816,7.280092592592593e-12,10
817,817,7.291666666666667e-12,4
818,818,7.291666666666667e-12,3
819,819,7.291666666666667e-12,1
820,820,7.291666666666667e-12,72
821,821,7.30324074074074e-12,25
822,822,7.30324074074074e-12,12
823,823,7.30324074074074e-12,11
824,824,7.314814814814815e-12,25
825,825,7.314814814814815e-12,1
826,826,7.314814814814815e-12,12
827,827,7.314814814814815e-12,11
828,828,7.326388888888888e-12,25
829,829,7.326388888888888e-12,12
830,830,7.326388888888888e-12,11
831,831,7.337962962962963e-12,4
832,832,7.337962962962963e-12,25
833,833,7.337962962962963e-12,15
834,834,7.337962962962963e-12,12
835,835,7.372685185185186e-12,25
836,836,7.372685185185186e-12,11
837,837,7.384259259259259e-12,25
838,838,7.384259259259259e-12,26
839,839,7.384259259259259e-12,12
840,840,7.384259259259259e-12,11
841,841,7.395833333333334e-12,37
842,842,7.395833333333334e-12,68
843,843,7.395833333333334e-12,25
844,844,7.395833333333334e-12,82
845,845,7.395833333333334e-12,11
846,846,7.407407407407407e-12,1
847,847,7.407407407407407e-12,12
848,848,7.407407407407407e-12,10
849,849,7.430555555555556e-12,25
850,850,7.430555555555556e-12,12
851,851,7.44212962962963e-12,4
852,852,7.44212962962963e-12,1
853,853,7.44212962962963e-12,11
854,854,7.453703703703704e-12,15
855,855,7.453703703703704e-12,1
856,856,7.465277777777777e-12,25
857,857,7.465277777777777e-12,15
858,858,7.465277777777777e-12,12
859,859,7.476851851851852e-12,46
860,860,7.476851851851852e-12,25
861,861,7.476851851851852e-12,11
862,862,7.488425925925925e-12,4
863,863,7.488425925925925e-12,25
864,864,7.488425925925925e-12,11
865,865,7.5e-12,25
866,866,7.5e-12,15
867,867,7.5e-12,3
868,868,7.511574074074075e-12,25
869,869,7.511574074074075e-12,1
870,870,7.511574074074075e-12,11
871,871,7.523148148148148e-12,4
872,872,7.523148148148148e-12,1
873,873,7.523148148148148e-12,12
874,874,7.534722222222223e-12,25
875,875,7.534722222222223e-12,23
876,876,7.534722222222223e-12,24
877,877,7.534722222222223e-12,1
878,878,7.534722222222223e-12,12
879,879,7.534722222222223e-12,11
880,880,7.546296296296296e-12,25
881,881,7.546296296296296e-12,27
882,882,7.546296296296296e-12,11
883,883,7.55787037037037e-12,25
884,884,7.55787037037037e-12,11
885,885,7.569444444444445e-12,25
886,886,7.569444444444445e-12,15
887,887,7.569444444444445e-12,1
888,888,7.569444444444445e-12,11
889,889,7.581018518518518e-12,25
890,890,7.581018518518518e-12,1
891,891,7.581018518518518e-12,12
892,892,7.592592592592593e-12,25
893,893,7.592592592592593e-12,1
894,894,7.592592592592593e-12,11
895,895,7.604166666666666e-12,1
896,896,7.615740740740741e-12,25
897,897,7.615740740740741e-12,12
898,898,7.627314814814814e-12,25
899,899,7.627314814814814e-12,11
900,900,7.638888888888889e-12,4
901,901,7.638888888888889e-12,21
902,902,7.638888888888889e-12,25
903,903,7.638888888888889e-12,1
904,904,7.638888888888889e-12,12
905,905,7.638888888888889e-12,11
906,906,7.662037037037037e-12,25
907,907,7.662037037037037e-12,15
908,908,7.662037037037037e-12,1
909,909,7.673611111111112e-12,25
910,910,7.673611111111112e-12,9
911,911,7.673611111111112e-12,11
912,912,7.685185185185185e-12,1
913,913,7.685185185185185e-12,12
914,914,7.685185185185185e-12,11
915,915,7.69675925925926e-12,12
916,916,7.708333333333333e-12,25
917,917,7.708333333333333e-12,15
918,918,7.708333333333333e-12,11
919,919,7.719907407407407e-12,25
920,920,7.719907407407407e-12,11
921,921,7.731481481481482e-12,25
922,922,7.731481481481482e-12,1
923,923,7.743055555555555e-12,25
924,924,7.743055555555555e-12,11
925,925,7.75462962962963e-12,25
926,926,7.75462962962963e-12,82
927,927,7.75462962962963e-12,26
928,928,7.75462962962963e-12,12
929,929,7.766203703703703e-12,1
930,930,7.777777777777778e-12,42
931,931,7.777777777777778e-12,25
932,932,7.777777777777778e-12,18
933,933,7.777777777777778e-12,1
934,934,7.789351851851853e-12,1
935,935,7.800925925925926e-12,4
936,936,7.800925925925926e-12,25
937,937,7.800925925925926e-12,1
938,938,7.8125e-12,25
939,939,7.8125e-12,1
940,940,7.8125e-12,11
941,941,7.824074074074074e-12,25
942,942,7.835648148148148e-12,25
943,943,7.835648148148148e-12,1
944,944,7.847222222222222e-12,25
945,945,7.847222222222222e-12,15
946,946,7.847222222222222e-12,1
947,947,7.858796296296296e-12,15
948,948,7.858796296296296e-12,1
949,949,7.870370370370371e-12,25
950,950,7.870370370370371e-12,11
951,951,7.881944444444444e-12,25
952,952,7.881944444444444e-12,1
953,953,7.893518518518519e-12,12
954,954,7.893518518518519e-12,11
955,955,7.905092592592592e-12,1
956,956,7.905092592592592e-12,12
957,957,7.905092592592592e-12,11
958,958,7.916666666666667e-12,1
959,959,7.916666666666667e-12,11
960,960,7.928240740740742e-12,3
961,961,7.939814814814815e-12,37
962,962,7.974537037037037e-12,1
963,963,7.974537037037037e-12,11
964,964,7.98611111111111e-12,27
965,965,7.98611111111111e-12,12
966,966,7.98611111111111e-12,11
967,967,7.997685185185185e-12,1
968,968,7.997685185185185e-12,12
969,969,7.997685185185185e-12,11
970,970,8.00925925925926e-12,25
971,971,8.00925925925926e-12,15
972,972,8.00925925925926e-12,72
973,973,8.00925925925926e-12,11
974,974,8.020833333333333e-12,95
975,975,8.020833333333333e-12,3
976,976,8.020833333333333e-12,12
977,977,8.032407407407408e-12,95
978,978,8.043981481481481e-12,95
979,979,8.043981481481481e-12,18
980,980,8.043981481481481e-12,11
981,981,8.055555555555556e-12,95
982,982,8.055555555555556e-12,1
983,983,8.055555555555556e-12,12
984,984,8.055555555555556e-12,11
985,985,8.067129629629629e-12,95
986,986,8.067129629629629e-12,12
987,987,8.067129629629629e-12,11
988,988,8.078703703703704e-12,95
989,989,8.078703703703704e-12,12
990,990,8.078703703703704e-12,11
991,991,8.090277777777778e-12,95
992,992,8.090277777777778e-12,25
993,993,8.090277777777778e-12,82
994,994,8.090277777777778e-12,26
995,995,8.090277777777778e-12,1
996,996,8.101851851851852e-12,95
997,997,8.101851851851852e-12,37
998,998,8.101851851851852e-12,25
999,999,8.101851851851852e-12,12
1000,1000,8.113425925925926e-12,95
1001,1001,8.125e-12,95
1002,1002,8.125e-12,28
1003,1003,8.125e-12,11
1004,1004,8.194444444444445e-12,95
1005,1005,8.194444444444445e-12,4
1006,1006,8.194444444444445e-12,1
1007,1007,8.194444444444445e-12,11
1008,1008,8.206018518518518e-12,95
1009,1009,8.206018518518518e-12,12
1010,1010,8.206018518518518e-12,11
1011,1011,8.217592592592593e-12,95
1012,1012,8.217592592592593e-12,25
1013,1013,8.217592592592593e-12,11
1014,1014,8.229166666666667e-12,95
1015,1015,8.229166666666667e-12,25
1016,1016,8.229166666666667e-12,11
1017,1017,8.24074074074074e-12,95
1018,1018,8.24074074074074e-12,25
1019,1019,8.24074074074074e-12,1
1020,1020,8.252314814814815e-12,4
1021,1021,8.275462962962963e-12,95
1022,1022,8.275462962962963e-12,25
1023,1023,8.275462962962963e-12,3
1024,1024,8.275462962962963e-12,11
1025,1025,8.287037037037036e-12,95
1026,1026,8.287037037037036e-12,4
1027,1027,8.287037037037036e-12,25
1028,1028,8.287037037037036e-12,1
1029,1029,8.298611111111111e-12,95
1030,1030,8.298611111111111e-12,25
1031,1031,8.298611111111111e-12,15
1032,1032,8.298611111111111e-12,11
1033,1033,8.310185185185186e-12,95
1034,1034,8.310185185185186e-12,25
1035,1035,8.310185185185186e-12,1
1036,1036,8.321759259259259e-12,95
1037,1037,8.321759259259259e-12,25
1038,1038,8.333333333333334e-12,95
1039,1039,8.333333333333334e-12,25
1040,1040,8.333333333333334e-12,18
1041,1041,8.344907407407407e-12,12
1042,1042,8.356481481481482e-12,95
1043,1043,8.356481481481482e-12,25
1044,1044,8.356481481481482e-12,83
1045,1045,8.356481481481482e-12,1
1046,1046,8.368055555555556e-12,95
1047,1047,8.368055555555556e-12,25
1048,1048,8.368055555555556e-12,15
1049,1049,8.368055555555556e-12,11
1050,1050,8.37962962962963e-12,95
1051,1051,8.37962962962963e-12,25
1052,1052,8.391203703703704e-12,95
1053,1053,8.391203703703704e-12,25
1054,1054,8.391203703703704e-12,12
1055,1055,8.402777777777777e-12,25
1056,1056,8.414351851851852e-12,95
1057,1057,8.414351851851852e-12,25
1058,1058,8.425925925925925e-12,28
1059,1059,8.425925925925925e-12,25
1060,1060,8.425925925925925e-12,1
1061,1061,8.425925925925925e-12,12
1062,1062,8.425925925925925e-12,11
1063,1063,8.4375e-12,46
