,time,event
0,588436,8
