,time,event
0,588841,15
