,time,event
0,22026,15
