,time,event
0,693622,9
