,time,event
0,920627,7
