,time,event
0,965199,18
