,time,event
0,991018,12
