,time,event
0,1168344,21
