,time,event
0,1226255,13
