,time,event
0,1262113,14
