,time,event
0,1348038,1
