,time,event
0,1453305,10
