,time,event
0,1455373,14
