,time,event
0,1487253,19
