,time,event
0,1491126,19
