,time,event
0,1513285,3
