,time,event
0,1610029,8
