,time,event
0,1726804,8
