,time,event
0,1785797,11
