,time,event
0,1924224,12
