,time,event
0,2065825,12
