,time,event
0,2089731,20
