,time,event
0,2114593,8
