,time,event
0,3604,7
