,time,event
0,2261668,12
