,time,event
0,2348107,12
