,time,event
0,2386801,9
