,time,event
0,2425911,13
