,time,event
0,2573328,20
