,time,event
0,2617247,13
