,time,event
0,2623985,14
