,time,event
0,2706906,20
