,time,event
0,2713396,6
