,time,event
0,2843296,14
