,time,event
0,2906716,3
