,time,event
0,2925728,5
