,time,event
0,3093214,20
