,time,event
0,3140751,13
