,time,event
0,3222345,19
