,time,event
0,3267020,9
