,time,event
0,3289546,21
