,time,event
0,3290969,9
