,time,event
0,3296677,9
