,time,event
0,3299493,7
