,time,event
0,3299937,9
