,time,event
0,3302463,9
