,time,event
0,3332379,3
