,time,event
0,3410660,21
