,time,event
0,3438555,8
