,time,event
0,3587024,10
