,time,event
0,3598147,8
