,time,event
0,225900,7
