,time,event
0,3686468,3
