,time,event
0,3918203,9
