,time,event
0,3956420,13
