,time,event
0,4071590,12
