,time,event
0,4081087,12
