,time,event
0,238656,0
