,time,event
0,4161968,7
