,time,event
0,4219665,6
