,time,event
0,4246224,8
