,time,event
0,4260283,19
