,time,event
0,4488754,13
