,time,event
0,4522153,5
