,time,event
0,4541410,8
