,time,event
0,4590408,16
