,time,event
0,4590908,20
