,time,event
0,4747227,2
