,time,event
0,5122152,0
