,time,event
0,5155446,15
