,time,event
0,5187273,9
