,time,event
0,5219755,1
