,time,event
0,5227791,5
