,time,event
0,5237770,10
