,time,event
0,5243882,17
