,time,event
0,5388163,9
