,time,event
0,5403133,4
