,time,event
0,5403146,2
