,time,event
0,356018,13
