,time,event
0,5410324,13
