,time,event
0,5423544,3
