,time,event
0,361300,0
