,time,event
0,5441478,13
