,time,event
0,363061,19
