,time,event
0,5501310,1
