,time,event
0,5527412,2
