,time,event
0,5547655,0
