,time,event
0,5575460,0
