,time,event
0,5577742,0
