,time,event
0,5745912,14
