,time,event
0,5755697,10
