,time,event
0,5759875,14
