,time,event
0,17435,12
