,time,event
0,5776441,16
