,time,event
0,5882344,21
