,time,event
0,5909638,10
