,time,event
0,5909910,10
