,time,event
0,5929286,21
