,time,event
0,5965552,13
